$ANSIBLE_VAULT;1.1;AES256
65633536336135353435376234333739333965393131386165373930626132313631366435343235
3663383964346139393738343630383938353638373736380a613130333336613230383032326130
62393535313635376163303330336236663639663430366537323737636539353163373231343766
3939376134623532310a646233623963613933653136653938373563373861393436653461626361
66343235343639663665653636663666343139336138643334386461343330646136393966393038
30393461366561306665353134653533653832366637303433613136383037613365303836346232
32653866363132383837666363633438353364346465313865303835353562383564376535633066
63386136353831626233373062646433633034666663623937326664366633316661336239336539
35366539663332396331616438376637383033636230326133353832626361386637353438343963
61393466333831663763366463653934633965306133666664646338643066346165323665383334
39393466626539363932303931323531316664373361623664373833653930646535376166323566
64393930353338363366666235626635343538656330626561306663393131373532376630303739
32356234346562336265373066393436383936323434613730303535643237373364636264666462
39373734383939663034626239643333393834346465393364326639346664303661393630323465
65326264653561323038623262366265303834353963336439386336663036643034643238396234
65356530316438323030336532626265313834376539356137613533663962363337633236643966
36326666666465363938383364646264663439663235643436613661313361656662
